$ 1 0.000005 0 50 5 50 5e-11
t 240 128 272 128 0 1 -2.29871153241585 0.2012882750103544 100 default
t 240 160 272 160 0 1 -2.2987116682266953 0.20128827497487725 100 default
t 240 272 272 272 0 1 -2.2987116120114877 0.20128827644597047 100 default
t 240 304 272 304 0 1 -2.298711585716952 0.20128827645335337 100 default
t 240 384 272 384 0 1 -1.4760876792958877 0.19089051961538672 100 default
t 240 416 272 416 0 1 -1.4760877003220771 0.19042312013079088 100 default
t 240 448 272 448 0 1 -1.4760876950280701 0.1904231201326605 100 default
t 240 528 272 528 0 1 -2.298711592115658 0.20128827581016262 100 default
t 240 560 272 560 0 1 -2.298711606897691 0.20128827580425812 100 default
r 240 128 208 128 0 10000
r 240 160 208 160 0 10000
r 240 272 208 272 0 10000
r 240 304 208 304 0 10000
r 240 384 208 384 0 10000
r 240 416 208 416 0 10000
r 240 448 208 448 0 10000
r 240 528 208 528 0 10000
r 240 560 208 560 0 10000
r 272 576 144 608 0 1000
r 272 464 144 496 0 1000
r 272 320 144 352 0 1000
r 272 176 144 208 0 1000
w 144 208 144 352 0
w 144 352 144 496 0
w 144 496 144 608 0
w 272 512 128 512 0
w 272 368 128 368 0
w 272 256 128 256 0
w 272 112 128 112 0
w 128 112 128 256 0
w 128 256 128 368 0
w 128 368 128 512 0
v 80 400 80 256 0 0 40 5 0 0 0.5
w 80 256 128 112 0
w 80 400 144 608 0
t 464 176 496 176 0 1 -4.603650612030274 2.964087337276182e-7 100 default
t 528 176 560 176 0 1 -4.603650612030269 2.9640873875772044e-7 100 default
t 448 464 480 464 0 1 -4.6036506959273735 2.125116338025516e-7 100 default
t 512 464 544 464 0 1 -4.60365061203027 2.964087377412317e-7 100 default
r 448 464 416 464 0 10000
r 464 176 432 176 0 10000
r 512 464 512 496 0 10000
r 528 176 528 208 0 10000
r 480 448 480 400 0 1000
r 496 160 496 112 0 1000
w 496 160 560 160 0
w 560 192 496 192 0
w 544 448 480 448 0
w 544 480 480 480 0
w 480 400 272 368 0
w 496 112 272 112 0
w 272 176 432 176 0
w 144 208 496 192 0
w 416 464 272 464 0
w 144 496 480 480 0
w 528 208 272 320 0
w 512 496 272 576 0
t 688 176 720 176 0 1 0.567680639920351 0.6401601809751369 100 default
t 672 464 704 464 0 1 0.5676806399203513 0.6401601809751368 100 default
r 672 464 624 464 0 10000
r 688 176 640 176 0 10000
r 720 160 720 112 0 1000
r 704 448 704 400 0 1000
w 704 400 480 400 0
w 720 112 496 112 0
w 640 176 560 160 0
w 720 160 768 160 0
w 704 448 736 448 0
w 624 464 544 448 0
w 704 480 544 480 0
w 720 192 560 192 0
