$ 1 0.000005 0.021402409717744746 64 5 50
v 176 384 176 224 0 0 40 5 0 0 0.5
t 352 240 384 240 0 1 0.4906804416796984 0.6319308354265836 100
t 336 400 368 400 0 1 -4.99999999899 -0.41889222007493837 100
t 336 448 368 448 0 1 0.5714141849482557 0.5893424367701161 100
r 352 240 304 240 0 10000
r 336 400 288 400 0 10000
r 336 448 288 448 0 10000
r 384 256 384 288 0 1000
r 368 464 368 496 0 1000
w 272 96 384 96 0
w 272 96 176 96 0
w 176 96 176 176 0
w 368 496 368 528 0
w 384 288 256 288 0
w 256 288 256 528 0
w 368 528 256 528 0
w 256 528 176 528 0
w 176 528 176 384 0
w 384 208 384 224 0
w 368 416 368 432 0
S 144 400 96 400 0 0 false 0 2
w 288 448 240 448 0
w 240 448 240 464 0
w 304 240 240 240 0
w 240 240 240 448 0
w 288 400 224 400 0
w 224 400 144 400 0
w 224 192 224 400 0
w 96 384 80 384 0
w 80 384 80 240 0
w 80 240 80 224 0
w 80 224 176 224 0
w 96 448 80 448 0
w 80 448 80 384 0
w 96 480 48 480 0
w 96 416 48 416 0
w 48 416 48 480 0
w 48 480 48 528 0
w 48 528 176 528 0
t 1008 256 1040 256 0 1 0.5634389234993963 0.6218997394833827 100
t 1072 256 1104 256 0 1 0.5693292083163694 0.6277900243003558 100
r 1008 256 960 256 0 10000
r 1008 304 960 304 0 10000
w 1008 304 1072 304 0
w 1072 304 1072 256 0
w 1040 192 1104 192 0
w 1040 144 1040 96 0
w 1040 96 864 96 0
w 1040 272 1040 336 0
w 1104 272 1104 336 0
w 1104 336 1040 336 0
w 1104 496 1040 496 0
w 1104 432 1104 496 0
w 1040 432 1040 496 0
w 1072 464 1072 416 0
w 1008 464 1072 464 0
r 1008 464 960 464 0 10000
r 1008 416 960 416 0 10000
t 1072 416 1104 416 0 1 -4.201126275618469 0.4009100679370321 100
t 1008 416 1040 416 0 1 -4.543575526657367 0.058460816898133455 100
w 1104 400 1040 400 0
w 1104 400 1136 400 0
w 1136 192 1104 192 0
w 1040 528 1040 544 0
w 1040 544 848 528 0
w 1040 368 944 368 0
w 1264 400 1136 400 0
w 960 464 928 464 0
w 960 416 960 400 0
w 1104 352 960 352 0
w 176 176 176 224 0
w 1040 144 1040 192 0
w 368 368 368 384 0
w 960 304 960 352 0
w 928 256 960 256 0
w 512 96 384 96 0
w 592 96 512 96 0
w 608 96 592 96 0
w 432 304 432 480 0
w 432 480 432 528 0
w 432 528 368 528 0
w 864 96 608 96 0
w 848 528 432 528 0
w 384 128 384 96 0
w 944 368 848 528 0
w 1184 368 960 400 0
w 240 464 128 464 0
S 128 464 96 464 0 1 false 0 2
w 368 336 368 368 0
w 368 336 400 336 0
w 400 336 400 128 0
w 400 128 384 128 0
t 352 144 384 144 0 1 -0.4405547539770289 0.631452728174378 100
w 384 160 384 208 0
r 352 144 320 144 0 10000
t 272 160 320 160 0 1 -4.959949566638452 9.999999996133773e-10 100
r 272 160 224 160 0 10000
w 224 160 224 192 0
r 320 144 272 96 0 1000
w 320 176 320 208 0
w 432 304 320 304 0
w 320 304 320 208 0
w 1104 240 1040 240 0
r 1040 240 1040 192 0 1000
w 1040 368 1040 336 0
r 1136 400 1136 192 0 1000
w 1040 496 1040 528 0
w 1392 320 1104 240 0
w 1184 368 1392 320 0
w 1104 352 1264 400 0
w 1264 400 1360 400 0
w 1392 320 1504 320 0
w 1360 400 1504 384 0
w 928 464 368 464 0
w 384 256 928 256 0
