$ 1 0.000005 0.010988363537639658 50 5 50 5e-11
t 304 144 336 144 0 1 -4.981242282472644 -1.6120188413210081 100 default
t 304 176 336 176 0 1 -1.6120188751772506 -0.019318301980521226 100 default
t 304 208 336 208 0 1 0.12949262045052398 0.14881093955842742 100 default
r 336 128 336 80 0 1000
v 96 368 96 224 0 0 40 5 0 0 0.5
w 96 224 96 112 0
w 96 112 96 80 0
w 96 80 336 80 0
S 176 160 144 160 0 0 false 0 2
S 176 224 144 224 0 0 false 0 2
S 176 272 144 272 0 0 false 0 2
w 176 224 192 176 0
t 304 352 336 352 0 1 -4.603764180496241 -1.4852798416401114 100 default
t 304 400 336 400 0 1 -1.4852798729766896 -0.01792823603598481 100 default
t 304 432 336 432 0 1 0.5692501526919355 0.5871784045875118 100 default
w 336 384 336 368 0
r 336 336 336 304 0 1000
w 336 304 368 304 0
w 368 304 368 80 0
w 368 80 336 80 0
w 96 368 96 496 0
w 96 496 208 496 0
w 208 496 336 496 0
w 336 496 336 448 0
w 336 224 224 336 0
w 224 336 208 496 0
t 480 144 512 144 0 1 0.49246560160766606 0.49220829180511316 100 default
t 480 176 512 176 0 1 -4.152825503821067 0.14863195689743583 100 default
t 480 368 512 368 0 1 0.5647808968475516 0.6394668726260087 100 default
t 480 416 512 416 0 1 0.5674606411126404 0.6414065828390033 100 default
t 656 144 688 144 0 1 0.5647808968509844 0.6394668726080996 100 default
t 656 192 688 192 0 1 0.5674606411021151 0.6414065828208375 100 default
t 656 368 688 368 0 1 0.0000011158330162075458 0.15477759684112247 100 default
t 656 416 688 416 0 1 -4.300354666698286 0.14863195837272808 100 default
t 816 144 864 144 0 1 -4.1264140197963535 0.11646603170243508 100 default
t 832 192 864 192 0 1 0.11664507103136887 0.14881099816453094 100 default
t 832 368 880 368 0 1 0.5645624215734037 0.6394417698927113 100 default
t 848 416 880 416 0 1 0.5674628203958304 0.6413945644653605 100 default
w 880 400 880 384 0
w 688 400 688 384 0
w 512 400 512 384 0
w 688 176 688 160 0
w 864 176 864 160 0
r 864 128 864 96 0 1000
r 688 128 688 96 0 1000
r 512 128 512 96 0 1000
r 512 352 512 320 0 1000
r 688 352 688 320 0 1000
r 880 352 880 320 0 1000
w 880 320 688 320 0
w 688 320 512 320 0
w 512 320 368 304 0
w 368 80 512 96 0
w 512 96 688 96 0
w 688 96 864 96 0
w 864 208 688 208 0
w 688 208 512 192 0
w 880 432 688 432 0
w 688 432 512 432 0
w 512 432 512 496 0
w 512 496 336 496 0
w 512 192 464 224 0
w 464 224 464 480 0
w 464 480 512 496 0
w 864 128 1008 128 0
w 880 352 976 352 0
t 576 224 608 224 0 1 -4.603764178850501 4.70376417656154e-8 100 default
r 608 208 512 96 0 1000
w 608 240 512 496 0
w 800 192 800 240 0
w 800 240 976 352 0
w 976 352 1024 352 0
w 800 368 800 288 0
w 800 288 1008 128 0
w 1008 128 1056 128 0
w 800 192 800 48 0
w 800 48 288 48 0
w 288 48 288 208 0
w 800 368 800 512 0
w 800 512 288 512 0
w 144 144 96 112 0
w 144 144 128 160 0
w 128 160 128 208 0
w 128 208 144 208 0
w 128 208 128 256 0
w 128 256 144 256 0
w 144 288 128 288 0
w 128 288 96 368 0
w 128 288 112 272 0
w 112 272 112 240 0
w 112 240 144 240 0
w 112 240 112 176 0
w 112 176 144 176 0
w 480 176 448 176 0
w 448 256 544 304 0
w 544 304 512 352 0
w 432 368 432 272 0
w 432 272 528 224 0
w 528 224 528 160 0
w 528 160 512 128 0
r 832 368 800 368 0 10000
r 848 416 688 352 0 10000
r 656 368 608 208 0 10000
r 608 208 656 192 0 10000
r 656 416 512 352 0 10000
r 656 144 512 128 0 10000
r 832 192 800 192 0 10000
r 688 128 816 144 0 10000
r 480 144 336 128 0 10000
r 448 176 448 256 0 10000
r 576 224 544 256 0 10000
r 480 368 432 368 0 10000
r 480 416 336 336 0 10000
w 544 256 272 240 0
w 272 240 192 176 0
r 304 144 176 160 0 10000
r 304 176 192 176 0 10000
r 304 352 192 176 0 10000
r 304 208 288 208 0 10000
r 304 400 176 272 0 10000
r 304 432 288 512 0 10000
