$ 1 0.000005 10.20027730826997 50 5 50
f 576 208 640 208 49 1.5 0.02
f 576 352 640 352 48 1.5 0.02
f 576 416 640 416 48 1.5 0.02
w 640 400 640 368 0
w 640 48 640 16 0
w 640 16 272 96 0
v 256 336 256 160 0 0 40 5 0 0 0.5
w 272 96 256 160 0
w 256 336 256 464 0
w 256 464 640 464 0
w 640 464 640 432 0
w 640 336 640 224 0
w 480 208 480 352 0
w 752 464 640 464 0
w 416 128 416 416 0
w 640 80 640 96 0
w 640 160 640 192 0
w 640 128 640 96 0
w 592 144 576 128 0
w 384 208 480 208 0
w 480 208 576 208 0
w 480 352 576 352 0
w 640 224 672 224 0
r 672 224 752 224 0 220.00000000000003
w 416 128 368 128 0
w 640 48 640 80 0
w 336 208 368 208 0
w 368 208 384 208 0
w 368 128 304 128 0
w 896 112 832 112 0
w 896 192 912 192 0
w 864 192 896 192 0
w 1168 32 1168 64 0
w 944 112 896 112 0
r 1200 208 1280 208 0 220.00000000000003
w 1168 208 1200 208 0
w 1008 336 1104 336 0
w 1008 192 1104 192 0
w 912 192 1008 192 0
w 1120 128 1104 112 0
w 1168 112 1168 80 0
w 1168 144 1168 176 0
w 1168 64 1168 80 0
w 944 112 944 400 0
w 1280 448 1168 448 0
w 1008 192 1008 336 0
w 1168 320 1168 208 0
w 1168 448 1168 416 0
w 784 448 1168 448 0
w 1168 0 800 80 0
w 1168 32 1168 0 0
w 1168 384 1168 352 0
f 1104 400 1168 400 48 1.5 0.02
f 1104 336 1168 336 48 1.5 0.02
f 1104 192 1168 192 49 1.5 0.02
w 784 448 752 464 0
w 800 80 640 16 0
w 752 224 1168 528 0
162 1168 528 1280 448 2 default-led 1 0 0 0.01
w 1280 208 1168 528 0
f 1120 128 1168 128 49 1.5 0.02
f 592 144 640 144 49 1.5 0.02
w 944 400 1104 400 0
I 944 112 1104 112 0 0.5 5
w 832 112 800 80 0
w 864 192 800 80 0
I 416 128 576 128 0 0.5 5
w 416 416 576 416 0
